
关节角度:    0    0    0    0    0    0 度
末端位姿矩阵:
[[ 0.     1.     0.     0.15 ]
 [-1.     0.     0.    -0.   ]
 [ 0.    -0.     1.     1.032]
 [ 0.     0.     0.     1.   ]]
末端位置: x=0.150, y=-0.000, z=1.032 米

关节坐标:
基座(J0): (0.000, 0.000, 0.000)
J1: (0.000, 0.000, 0.500)
J2: (0.000, -0.000, 0.932)
J3: (0.000, -0.000, 0.932)
J4: (0.150, -0.000, 0.932)
J5: (0.150, -0.000, 0.932)
J6: (0.150, -0.000, 0.932)
末端: (0.150, -0.000, 1.032)

关节角度:    0   45   45    0    0    0 度
末端位姿矩阵:
[[ 0.    -0.     1.     0.405]
 [-1.     0.     0.     0.   ]
 [-0.    -1.    -0.     0.655]
 [ 0.     0.     0.     1.   ]]
末端位置: x=0.405, y=0.000, z=0.655 米

关节坐标:
基座(J0): (0.000, 0.000, 0.000)
J1: (0.000, 0.000, 0.500)
J2: (0.305, -0.000, 0.805)
J3: (0.305, -0.000, 0.805)
J4: (0.305, -0.000, 0.655)
J5: (0.305, -0.000, 0.655)
J6: (0.305, -0.000, 0.655)
末端: (0.405, 0.000, 0.655)

关节角度:   30   45   30   45   60   90 度
末端位姿矩阵:
[[-0.195  0.468  0.862  0.384]
 [ 0.704  0.679 -0.21   0.151]
 [-0.683  0.566 -0.462  0.614]
 [ 0.     0.     0.     1.   ]]
末端位置: x=0.384, y=0.151, z=0.614 米

关节坐标:
基座(J0): (0.000, 0.000, 0.000)
J1: (0.000, 0.000, 0.500)
J2: (0.265, 0.153, 0.805)
J3: (0.265, 0.153, 0.805)
J4: (0.298, 0.172, 0.661)
J5: (0.298, 0.172, 0.661)
J6: (0.298, 0.172, 0.661)
末端: (0.384, 0.151, 0.614)
