
各关节间齐次变换矩阵:
============================================================

T01(基座→J1):
[[ 0.866 -0.    -0.5    0.   ]
 [ 0.5    0.     0.866  0.   ]
 [ 0.    -1.     0.     0.5  ]
 [ 0.     0.     0.     1.   ]]

T12(J1→J2):
[[ 0.7071  0.7071 -0.      0.3055]
 [-0.7071  0.7071 -0.     -0.3055]
 [ 0.      0.      1.      0.    ]
 [ 0.      0.      0.      1.    ]]

T23(J2→J3):
[[ 0.866 -0.    -0.5    0.   ]
 [ 0.5    0.     0.866  0.   ]
 [ 0.    -1.     0.     0.   ]
 [ 0.     0.     0.     1.   ]]

T34(结构变换):
[[ 0.   -0.    1.    0.  ]
 [ 1.    0.   -0.    0.  ]
 [ 0.    1.    0.    0.15]
 [ 0.    0.    0.    1.  ]]

T45(J4→J5):
[[ 1. -0. -0.  0.]
 [ 0.  0.  1.  0.]
 [ 0. -1.  0.  0.]
 [ 0.  0.  0.  1.]]

T56(J5→J6):
[[ 1. -0.  0.  0.]
 [ 0.  0. -1.  0.]
 [ 0.  1.  0.  0.]
 [ 0.  0.  0.  1.]]

T6E(J6→末端):
[[ 1.  -0.   0.   0. ]
 [ 0.   1.  -0.   0. ]
 [ 0.   0.   1.   0.1]
 [ 0.   0.   0.   1. ]]

总变换矩阵 T0E (基座→末端):
[[ 0.5     0.2241  0.8365  0.3818]
 [-0.866   0.1294  0.483   0.2204]
 [-0.     -0.9659  0.2588  0.6865]
 [ 0.      0.      0.      1.    ]]
末端位置: x=0.3818, y=0.2204, z=0.6865

雅可比矩阵 (位形 [30, 45, 30, 0, 0, 0]):
[[-0.2204  0.1615 -0.1031  0.      0.05    0.    ]
 [ 0.3818  0.0932 -0.0595  0.     -0.0866  0.    ]
 [ 0.     -0.4409 -0.1354  0.     -0.      0.    ]]
直线轨迹: 100/100 个点可达
圆形轨迹: 100/100 个点可达
